AVL
  0.455000 
  0.353000
  0.32800

  0.683000 
  0.461000
  0.44600

  0.681000 
  0.581000
  0.58300

    0.613333
    0.603786
    0.612678

Red-black
  0.757000 
  0.582000
  0.53000

  0.781000 
  0.599000
  0.44500

  0.477000  
  0.553000 
  0.524000

    0.479017
    0.488801
    0.476872


% jruby -Xinvokedynamic.cache.literals=false -Xinvokedynamic.cache.constants=false -Xinvokedynamic.cache.ivars=false -Xinvokedynamic.invocation=false bench_avl_tree.rb
  1.650000   0.000000   1.650000 (  1.649000)
  0.604000   0.000000   0.604000 (  0.604000)
  0.499000   0.000000   0.499000 (  0.499000)
  0.865000   0.000000   0.865000 (  0.865000)
  0.470000   0.000000   0.470000 (  0.471000)
  0.477000   0.000000   0.477000 (  0.477000)
% jruby -Xinvokedynamic.cache.literals=false -Xinvokedynamic.cache.constants=false -Xinvokedynamic.cache.ivars=false -Xinvokedynamic.invocation=false bench_avl_tree.rb
  1.663000   0.000000   1.663000 (  1.664000)
  0.683000   0.000000   0.683000 (  0.683000)
  0.461000   0.000000   0.461000 (  0.461000)
  0.812000   0.000000   0.812000 (  0.812000)
  0.446000   0.000000   0.446000 (  0.446000)
  0.442000   0.000000   0.442000 (  0.442000)
% jruby bench_avl_tree.rb 
  3.202000   0.000000   3.202000 (  3.204000)
  0.864000   0.000000   0.864000 (  0.864000)
  0.439000   0.000000   0.439000 (  0.439000)
  0.336000   0.000000   0.336000 (  0.336000)
  0.359000   0.000000   0.359000 (  0.357000)
  0.332000   0.000000   0.332000 (  0.333000)
% jruby bench_avl_tree.rb
  2.902000   0.000000   2.902000 (  2.902000)
  0.810000   0.000000   0.810000 (  0.811000)
  0.455000   0.000000   0.455000 (  0.455000)
  0.353000   0.000000   0.353000 (  0.353000)
  0.328000   0.000000   0.328000 (  0.328000)
  0.316000   0.000000   0.316000 (  0.316000)
% JAVA_HOME=/home/nahi/java/jdk1.6.0_31 jruby bench_avl_tree.rb      
  2.248000   0.000000   2.248000 (  2.247000)
  0.621000   0.000000   0.621000 (  0.622000)
  0.567000   0.000000   0.567000 (  0.567000)
  0.568000   0.000000   0.568000 (  0.568000)
  0.548000   0.000000   0.548000 (  0.548000)
  0.744000   0.000000   0.744000 (  0.745000)
% JAVA_HOME=/home/nahi/java/jdk1.6.0_31 jruby bench_avl_tree.rb
  2.136000   0.000000   2.136000 (  2.136000)
  0.681000   0.000000   0.681000 (  0.681000)
  0.578000   0.000000   0.578000 (  0.578000)
  0.581000   0.000000   0.581000 (  0.581000)
  0.583000   0.000000   0.583000 (  0.583000)
  0.721000   0.000000   0.721000 (  0.721000)
% ruby bench_avl_tree.rb 
  0.620000   0.000000   0.620000 (  0.620247)
  0.620000   0.000000   0.620000 (  0.625325)
  0.620000   0.000000   0.620000 (  0.625054)
  0.640000   0.000000   0.640000 (  0.632836)
  0.630000   0.000000   0.630000 (  0.631767)
  0.620000   0.000000   0.620000 (  0.620028)
% ruby bench_avl_tree.rb
  0.610000   0.000000   0.610000 (  0.613085)
  0.600000   0.000000   0.600000 (  0.599232)
  0.610000   0.000000   0.610000 (  0.613333)
  0.620000   0.000000   0.620000 (  0.627446)
  0.600000   0.000000   0.600000 (  0.603786)
  0.610000   0.000000   0.610000 (  0.612678)



% jruby -Xinvokedynamic.cache.literals=false -Xinvokedynamic.cache.constants=false -Xinvokedynamic.cache.ivars=false -Xinvokedynamic.invocation=false bench_red_black_tree.rb 
  1.670000   0.000000   1.670000 (  1.670000)
  0.773000   0.000000   0.773000 (  0.773000)
  0.592000   0.000000   0.592000 (  0.592000)
  1.104000   0.000000   1.104000 (  1.104000)
  0.438000   0.000000   0.438000 (  0.438000)
  0.355000   0.000000   0.355000 (  0.355000)
% jruby -Xinvokedynamic.cache.literals=false -Xinvokedynamic.cache.constants=false -Xinvokedynamic.cache.ivars=false -Xinvokedynamic.invocation=false bench_red_black_tree.rb
  1.609000   0.000000   1.609000 (  1.609000)
  0.781000   0.000000   0.781000 (  0.781000)
  0.599000   0.000000   0.599000 (  0.599000)
  1.055000   0.000000   1.055000 (  1.055000)
  0.445000   0.000000   0.445000 (  0.445000)
  0.386000   0.000000   0.386000 (  0.386000)
% jruby bench_red_black_tree.rb 
  3.096000   0.000000   3.096000 (  3.095000)
  1.501000   0.000000   1.501000 (  1.501000)
  0.577000   0.000000   0.577000 (  0.577000)
  0.562000   0.000000   0.562000 (  0.562000)
  0.531000   0.000000   0.531000 (  0.531000)
  0.440000   0.000000   0.440000 (  0.440000)
% jruby bench_red_black_tree.rb
  2.925000   0.000000   2.925000 (  2.924000)
  1.756000   0.000000   1.756000 (  1.756000)
  0.757000   0.000000   0.757000 (  0.757000)
  0.582000   0.000000   0.582000 (  0.582000)
  0.530000   0.000000   0.530000 (  0.530000)
  0.315000   0.000000   0.315000 (  0.315000)
% JAVA_HOME=/home/nahi/java/jdk1.6.0_31 jruby bench_red_black_tree.rb 
  2.523000   0.000000   2.523000 (  2.523000)
  0.826000   0.000000   0.826000 (  0.826000)
  0.485000   0.000000   0.485000 (  0.485000)
  0.538000   0.000000   0.538000 (  0.538000)
  0.462000   0.000000   0.462000 (  0.465000)
  0.615000   0.000000   0.615000 (  0.615000)
% JAVA_HOME=/home/nahi/java/jdk1.6.0_31 jruby bench_red_black_tree.rb
  2.658000   0.000000   2.658000 (  2.658000)
  0.782000   0.000000   0.782000 (  0.782000)
  0.477000   0.000000   0.477000 (  0.477000)
  0.553000   0.000000   0.553000 (  0.554000)
  0.524000   0.000000   0.524000 (  0.524000)
  0.441000   0.000000   0.441000 (  0.441000)
% ruby bench_red_black_tree.rb 
  0.480000   0.010000   0.490000 (  0.485357)
  0.470000   0.010000   0.480000 (  0.477885)
  0.480000   0.000000   0.480000 (  0.481338)
  0.520000   0.000000   0.520000 (  0.522886)
  0.490000   0.000000   0.490000 (  0.496582)
  0.520000   0.000000   0.520000 (  0.522415)
% ruby bench_red_black_tree.rb
  0.490000   0.000000   0.490000 (  0.489288)
  0.480000   0.000000   0.480000 (  0.479017)
  0.460000   0.000000   0.460000 (  0.465164)
  0.490000   0.000000   0.490000 (  0.488801)
  0.480000   0.000000   0.480000 (  0.476872)
  0.550000   0.000000   0.550000 (  0.548737)

